

***********************TCP Packet*************************

                        Packet Data                           

   |Packet Total Length    : 74 Bytes

                        IP Header                           
   |-Source IP             : 127.0.0.1
   |-Destination IP        : 127.0.0.1


                        TCP Header                           

   |-Source Port           : 32512
   |-Destination Port      : 1
   |-Cache Flag            : 1
   |-Steps Flag            : 1
   |-Type Flag             : 1
   |-Status Code           : 1023
   |-Cache Control         : 40962
   |-Timestamp             : 4264558592

                        DATA                           

0000: 00 00 00 00 00 00 00 00 00 00 00 00 00 00 00 00 
0010: 74 20 70 6F 72 74 20 39 39 39 39 20 6F 72 20 73 
0020: 72 63 20 70 6F 72 74 20 39 39 39 39 20 6F 72 20 
0030: 64 73 74 20 70 6F 72 74 20 39 39 39 38 20 6F 72 
0040: 20 73 72 63 20 70 6F 72 74 20 

###########################################################

***********************TCP Packet*************************

                        Packet Data                           

   |Packet Total Length    : 74 Bytes

                        IP Header                           
   |-Source IP             : 127.0.0.1
   |-Destination IP        : 127.0.0.1


                        TCP Header                           

   |-Source Port           : 32512
   |-Destination Port      : 1
   |-Cache Flag            : 1
   |-Steps Flag            : 1
   |-Type Flag             : 1
   |-Status Code           : 1023
   |-Cache Control         : 40978
   |-Timestamp             : 4264558592

                        DATA                           

0000: E0 3E 46 51 FC 7E 00 00 E0 3E 46 51 FC 7E 00 00 
0010: 00 00 00 00 00 00 00 00 00 00 00 00 00 00 00 00 
0020: 00 00 00 00 00 00 00 00 00 00 00 00 00 00 00 00 
0030: 00 00 00 00 00 00 00 00 00 00 00 00 00 00 00 00 
0040: 28 00 00 00 00 00 00 00 00 00 

###########################################################

***********************TCP Packet*************************

                        Packet Data                           

   |Packet Total Length    : 66 Bytes

                        IP Header                           
   |-Source IP             : 127.0.0.1
   |-Destination IP        : 127.0.0.1


                        TCP Header                           

   |-Source Port           : 32512
   |-Destination Port      : 1
   |-Cache Flag            : 0
   |-Steps Flag            : 0
   |-Type Flag             : 0
   |-Status Code           : 520
   |-Cache Control         : 32784
   |-Timestamp             : 4264034304

                        DATA                           

0000: 00 00 00 00 00 00 00 00 00 00 00 00 00 00 00 00 
0010: 20 0D 7C 77 0C 56 00 00 4E 00 00 00 4E 00 00 00 
0020: 01 00 00 00 00 00 00 00 01 00 00 00 00 00 00 00 
0030: 00 00 00 00 00 00 00 00 01 00 00 00 00 00 00 00 
0040: 00 00 

###########################################################

***********************TCP Packet*************************

                        Packet Data                           

   |Packet Total Length    : 753 Bytes

                        IP Header                           
   |-Source IP             : 127.0.0.1
   |-Destination IP        : 127.0.0.1


                        TCP Header                           

   |-Source Port           : 32512
   |-Destination Port      : 1
   |-Cache Flag            : 0
   |-Steps Flag            : 0
   |-Type Flag             : 0
   |-Status Code           : 520
   |-Cache Control         : 32792
   |-Timestamp             : 14155776

                        DATA                           

0000: F0 3E 46 51 FC 7E 00 00 F0 3E 46 51 FC 7E 00 00 
0010: 00 00 00 00 00 00 00 00 01 03 00 00 00 00 00 00 
0020: E0 3B 46 51 FC 7E 00 00 C0 0D 7C 77 0C 56 00 00 
0030: 00 00 00 00 00 00 00 00 00 00 00 00 00 00 00 00 
0040: 00 00 00 00 00 00 00 00 00 00 00 00 00 00 00 00 
0050: 00 00 00 00 00 00 00 00 00 00 00 00 00 00 00 00 
0060: 00 00 00 00 00 00 00 00 00 00 00 00 00 00 00 00 
0070: 00 00 00 00 00 00 00 00 00 00 00 00 00 00 00 00 
0080: 00 00 00 00 00 00 00 00 00 00 00 00 00 00 00 00 
0090: 00 00 00 00 00 00 00 00 00 00 00 00 00 00 00 00 
00A0: 00 00 00 00 00 00 00 00 00 00 00 00 00 00 00 00 
00B0: 00 00 00 00 00 00 00 00 00 00 00 00 00 00 00 00 
00C0: 00 00 00 00 00 00 00 00 00 00 00 00 00 00 00 00 
00D0: 00 00 00 00 00 00 00 00 00 00 00 00 00 00 00 00 
00E0: 00 00 00 00 00 00 00 00 00 00 00 00 00 00 00 00 
00F0: 00 00 00 00 00 00 00 00 00 00 00 00 00 00 00 00 
0100: 00 00 00 00 00 00 00 00 00 00 00 00 00 00 00 00 
0110: 00 00 00 00 00 00 00 00 00 00 00 00 00 00 00 00 
0120: 00 00 00 00 00 00 00 00 00 00 00 00 00 00 00 00 
0130: 00 00 00 00 00 00 00 00 00 00 00 00 00 00 00 00 
0140: 00 00 00 00 00 00 00 00 00 00 00 00 00 00 00 00 
0150: 00 00 00 00 00 00 00 00 00 00 00 00 00 00 00 00 
0160: 00 00 00 00 00 00 00 00 00 00 00 00 00 00 00 00 
0170: 00 00 00 00 00 00 00 00 00 00 00 00 00 00 00 00 
0180: 00 00 00 00 00 00 00 00 00 00 00 00 00 00 00 00 
0190: 00 00 00 00 00 00 00 00 00 00 00 00 00 00 00 00 
01A0: 00 00 00 00 00 00 00 00 00 00 00 00 00 00 00 00 
01B0: 00 00 00 00 00 00 00 00 00 00 00 00 00 00 00 00 
01C0: 00 00 00 00 00 00 00 00 00 00 00 00 00 00 00 00 
01D0: 00 00 00 00 00 00 00 00 00 00 00 00 00 00 00 00 
01E0: 00 00 00 00 00 00 00 00 00 00 00 00 00 00 00 00 
01F0: 00 00 00 00 00 00 00 00 00 00 00 00 00 00 00 00 
0200: 00 00 00 00 00 00 00 00 00 00 00 00 00 00 00 00 
0210: 00 00 00 00 00 00 00 00 00 00 00 00 00 00 00 00 
0220: 00 00 00 00 00 00 00 00 00 00 00 00 00 00 00 00 
0230: 00 00 00 00 00 00 00 00 00 00 00 00 00 00 00 00 
0240: 00 00 00 00 00 00 00 00 00 00 00 00 00 00 00 00 
0250: 00 00 00 00 00 00 00 00 00 00 00 00 00 00 00 00 
0260: 00 00 00 00 00 00 00 00 00 00 00 00 00 00 00 00 
0270: 00 00 00 00 00 00 00 00 00 00 00 00 00 00 00 00 
0280: 00 00 00 00 00 00 00 00 00 00 00 00 00 00 00 00 
0290: 00 00 00 00 00 00 00 00 00 00 00 00 00 00 00 00 
02A0: 00 00 00 00 00 00 00 00 00 00 00 00 00 00 00 00 
02B0: 00 00 00 00 00 00 00 00 00 00 00 00 00 00 00 00 
02C0: 00 00 00 00 00 00 00 00 00 00 00 00 00 00 00 00 
02D0: 00 00 00 00 00 00 00 00 00 00 00 00 00 00 00 00 
02E0: 00 00 00 00 00 00 00 00 00 00 00 00 00 00 00 00 
02F0: 00 

###########################################################

***********************TCP Packet*************************

                        Packet Data                           

   |Packet Total Length    : 66 Bytes

                        IP Header                           
   |-Source IP             : 127.0.0.1
   |-Destination IP        : 127.0.0.1


                        TCP Header                           

   |-Source Port           : 32512
   |-Destination Port      : 1
   |-Cache Flag            : 0
   |-Steps Flag            : 0
   |-Type Flag             : 0
   |-Status Code           : 520
   |-Cache Control         : 32784
   |-Timestamp             : 4264034304

                        DATA                           

0000: 80 3E 46 51 FC 7E 00 00 80 3E 46 51 FC 7E 00 00 
0010: 78 14 7C 77 0C 56 00 00 15 00 00 00 00 00 00 00 
0020: 00 00 00 00 00 00 00 00 00 00 00 00 00 00 00 00 
0030: 06 00 00 00 00 00 00 00 02 00 00 00 00 00 00 00 
0040: 00 00 

###########################################################

***********************TCP Packet*************************

                        Packet Data                           

   |Packet Total Length    : 74 Bytes

                        IP Header                           
   |-Source IP             : 127.0.0.1
   |-Destination IP        : 127.0.0.1


                        TCP Header                           

   |-Source Port           : 32512
   |-Destination Port      : 1
   |-Cache Flag            : 1
   |-Steps Flag            : 1
   |-Type Flag             : 1
   |-Status Code           : 1023
   |-Cache Control         : 40962
   |-Timestamp             : 4264558592

                        DATA                           

0000: 30 3E 46 51 FC 7E 00 00 30 3E 46 51 FC 7E 00 00 
0010: B8 2E 7C 77 0C 56 00 00 00 00 00 00 00 00 00 00 
0020: 00 00 00 00 00 00 00 00 00 00 00 00 00 00 00 00 
0030: 00 00 00 00 00 00 00 00 10 12 7C 77 0C 56 00 00 
0040: 00 00 00 00 00 00 00 00 00 00 

###########################################################

***********************TCP Packet*************************

                        Packet Data                           

   |Packet Total Length    : 74 Bytes

                        IP Header                           
   |-Source IP             : 127.0.0.1
   |-Destination IP        : 127.0.0.1


                        TCP Header                           

   |-Source Port           : 32512
   |-Destination Port      : 1
   |-Cache Flag            : 1
   |-Steps Flag            : 1
   |-Type Flag             : 1
   |-Status Code           : 1023
   |-Cache Control         : 40978
   |-Timestamp             : 4264558592

                        DATA                           

0000: D0 3D 46 51 FC 7E 00 00 D0 3D 46 51 FC 7E 00 00 
0010: 00 00 00 00 00 00 00 00 00 00 00 00 00 00 00 00 
0020: 00 00 00 00 00 00 00 00 00 00 00 00 00 00 00 00 
0030: 00 00 00 00 00 00 00 00 00 00 00 00 00 00 00 00 
0040: 00 00 00 00 00 00 00 00 00 00 

###########################################################

***********************TCP Packet*************************

                        Packet Data                           

   |Packet Total Length    : 66 Bytes

                        IP Header                           
   |-Source IP             : 127.0.0.1
   |-Destination IP        : 127.0.0.1


                        TCP Header                           

   |-Source Port           : 32512
   |-Destination Port      : 1
   |-Cache Flag            : 0
   |-Steps Flag            : 0
   |-Type Flag             : 0
   |-Status Code           : 520
   |-Cache Control         : 32784
   |-Timestamp             : 4264034304

                        DATA                           

0000: 70 3D 46 51 FC 7E 00 00 70 3D 46 51 FC 7E 00 00 
0010: 00 00 00 00 00 00 00 00 30 00 00 00 00 00 00 00 
0020: 00 00 00 00 00 00 00 00 00 00 00 00 00 00 00 00 
0030: 17 00 00 00 00 00 00 00 00 00 00 00 00 00 00 00 
0040: 00 00 

###########################################################

***********************TCP Packet*************************

                        Packet Data                           

   |Packet Total Length    : 753 Bytes

                        IP Header                           
   |-Source IP             : 127.0.0.1
   |-Destination IP        : 127.0.0.1


                        TCP Header                           

   |-Source Port           : 32512
   |-Destination Port      : 1
   |-Cache Flag            : 0
   |-Steps Flag            : 0
   |-Type Flag             : 0
   |-Status Code           : 520
   |-Cache Control         : 32792
   |-Timestamp             : 14155776

                        DATA                           

0000: 00 00 00 00 00 00 00 00 00 00 00 00 00 00 00 00 
0010: 00 00 00 00 00 00 00 00 00 00 00 00 00 00 00 00 
0020: 00 00 00 00 00 00 00 00 00 00 00 00 00 00 00 00 
0030: 00 00 00 00 00 00 00 00 00 00 00 00 00 00 00 00 
0040: 00 00 00 00 00 00 00 00 00 00 00 00 00 00 00 00 
0050: 00 00 00 00 00 00 00 00 00 00 00 00 00 00 00 00 
0060: 00 00 00 00 00 00 00 00 00 00 00 00 00 00 00 00 
0070: 00 00 00 00 00 00 00 00 00 00 00 00 00 00 00 00 
0080: 00 00 00 00 00 00 00 00 00 00 00 00 00 00 00 00 
0090: 00 00 00 00 00 00 00 00 00 00 00 00 00 00 00 00 
00A0: 00 00 00 00 00 00 00 00 00 00 00 00 00 00 00 00 
00B0: 00 00 00 00 00 00 00 00 00 00 00 00 00 00 00 00 
00C0: 00 00 00 00 00 00 00 00 28 00 00 00 00 00 00 00 
00D0: 00 00 00 00 00 00 00 00 00 00 00 00 00 00 00 00 
00E0: 14 00 00 00 00 00 00 00 00 00 00 00 00 00 00 00 
00F0: 00 00 00 00 00 00 00 00 40 3F 7C 77 0C 56 00 00 
0100: 15 00 00 00 00 00 00 00 00 00 00 00 00 00 00 00 
0110: 00 00 00 00 00 00 00 00 06 00 00 00 00 00 00 00 
0120: 02 00 00 00 00 00 00 00 00 00 00 00 00 00 00 00 
0130: 6D 00 00 00 01 00 00 00 00 00 00 00 00 00 00 00 
0140: 00 00 00 00 00 00 00 00 20 9C 7C 77 0C 56 00 00 
0150: 00 00 00 00 00 00 00 00 00 00 00 00 00 00 00 00 
0160: 00 00 00 00 00 00 00 00 00 00 00 00 00 00 00 00 
0170: 68 99 7C 77 0C 56 00 00 00 00 00 00 00 00 00 00 
0180: 00 00 00 00 00 00 00 00 20 3E 7C 77 0C 56 00 00 
0190: 00 00 00 00 00 00 00 00 00 00 00 00 00 00 00 00 
01A0: 00 00 00 00 00 00 00 00 00 00 00 00 00 00 00 00 
01B0: 00 00 00 00 00 00 00 00 00 00 00 00 00 00 00 00 
01C0: 00 00 00 00 00 00 00 00 00 00 00 00 00 00 00 00 
01D0: 00 00 00 00 00 00 00 00 00 00 00 00 00 00 00 00 
01E0: 00 00 00 00 00 00 00 00 00 00 00 00 00 00 00 00 
01F0: 00 00 00 00 00 00 00 00 00 00 00 00 00 00 00 00 
0200: 00 00 00 00 00 00 00 00 00 00 00 00 00 00 00 00 
0210: 30 00 00 00 00 00 00 00 00 00 00 00 00 00 00 00 
0220: 00 00 00 00 00 00 00 00 17 00 00 00 00 00 00 00 
0230: 00 00 00 00 00 00 00 00 00 00 00 00 00 00 00 00 
0240: 88 40 7C 77 0C 56 00 00 15 00 00 00 00 00 00 00 
0250: 00 00 00 00 00 00 00 00 00 00 00 00 00 00 00 00 
0260: 00 08 00 00 00 00 00 00 02 00 00 00 00 00 00 00 
0270: 00 00 00 00 00 00 00 00 64 00 00 00 01 00 00 00 
0280: 00 00 00 00 00 00 00 00 00 00 00 00 00 00 00 00 
0290: 68 95 7C 77 0C 56 00 00 00 00 00 00 00 00 00 00 
02A0: 00 00 00 00 00 00 00 00 00 00 00 00 00 00 00 00 
02B0: 00 00 00 00 00 00 00 00 28 7B 7C 77 0C 56 00 00 
02C0: 00 00 00 00 00 00 00 00 00 00 00 00 00 00 00 00 
02D0: 68 3F 7C 77 0C 56 00 00 00 00 00 00 00 00 00 00 
02E0: 00 00 00 00 00 00 00 00 00 00 00 00 00 00 00 00 
02F0: 00 

###########################################################

***********************TCP Packet*************************

                        Packet Data                           

   |Packet Total Length    : 66 Bytes

                        IP Header                           
   |-Source IP             : 127.0.0.1
   |-Destination IP        : 127.0.0.1


                        TCP Header                           

   |-Source Port           : 32512
   |-Destination Port      : 1
   |-Cache Flag            : 0
   |-Steps Flag            : 0
   |-Type Flag             : 0
   |-Status Code           : 520
   |-Cache Control         : 32784
   |-Timestamp             : 4264034304

                        DATA                           

0000: 20 3D 46 51 FC 7E 00 00 20 3D 46 51 FC 7E 00 00 
0010: 00 00 00 00 00 00 00 00 00 08 00 00 00 00 00 00 
0020: 02 00 00 00 00 00 00 00 00 00 00 00 00 00 00 00 
0030: 00 00 00 00 01 00 00 00 00 00 00 00 00 00 00 00 
0040: 00 00 

###########################################################

***********************TCP Packet*************************

                        Packet Data                           

   |Packet Total Length    : 630 Bytes

                        IP Header                           
   |-Source IP             : 127.0.0.1
   |-Destination IP        : 127.0.0.1


                        TCP Header                           

   |-Source Port           : 32512
   |-Destination Port      : 1
   |-Cache Flag            : 0
   |-Steps Flag            : 0
   |-Type Flag             : 0
   |-Status Code           : 520
   |-Cache Control         : 32792
   |-Timestamp             : 6094848

                        DATA                           

0000: 00 00 00 00 00 00 00 00 00 00 00 00 00 00 00 00 
0010: 00 00 00 00 00 00 00 00 00 00 00 00 00 00 00 00 
0020: 00 00 00 00 00 00 00 00 00 00 00 00 00 00 00 00 
0030: 00 00 00 00 00 00 00 00 00 00 00 00 00 00 00 00 
0040: 00 00 00 00 00 00 00 00 00 00 00 00 00 00 00 00 
0050: 00 00 00 00 00 00 00 00 28 00 00 00 00 00 00 00 
0060: 00 00 00 00 00 00 00 00 00 00 00 00 00 00 00 00 
0070: 0C 00 00 00 00 00 00 00 00 00 00 00 00 00 00 00 
0080: 00 00 00 00 00 00 00 00 D0 41 7C 77 0C 56 00 00 
0090: 15 00 00 00 00 00 00 00 00 00 00 00 00 00 00 00 
00A0: 00 00 00 00 00 00 00 00 0F 27 00 00 00 00 00 00 
00B0: 02 00 00 00 00 00 00 00 00 00 00 00 00 00 00 00 
00C0: 35 00 00 00 00 00 00 00 00 00 00 00 00 00 00 00 
00D0: 00 00 00 00 00 00 00 00 58 72 7C 77 0C 56 00 00 
00E0: 00 00 00 00 00 00 00 00 00 00 00 00 00 00 00 00 
00F0: 00 00 00 00 00 00 00 00 00 00 00 00 00 00 00 00 
0100: 18 47 7C 77 0C 56 00 00 00 00 00 00 00 00 00 00 
0110: 00 00 00 00 00 00 00 00 F8 41 7C 77 0C 56 00 00 
0120: 00 00 00 00 00 00 00 00 00 00 00 00 00 00 00 00 
0130: 00 00 00 00 00 00 00 00 00 00 00 00 00 00 00 00 
0140: 00 00 00 00 00 00 00 00 00 00 00 00 00 00 00 00 
0150: 00 00 00 00 00 00 00 00 00 00 00 00 00 00 00 00 
0160: 00 00 00 00 00 00 00 00 00 00 00 00 00 00 00 00 
0170: 00 00 00 00 00 00 00 00 00 00 00 00 00 00 00 00 
0180: 00 00 00 00 00 00 00 00 00 00 00 00 00 00 00 00 
0190: 00 00 00 00 00 00 00 00 00 00 00 00 00 00 00 00 
01A0: 28 00 00 00 00 00 00 00 00 00 00 00 00 00 00 00 
01B0: 00 00 00 00 00 00 00 00 36 00 00 00 00 00 00 00 
01C0: 00 00 00 00 00 00 00 00 00 00 00 00 00 00 00 00 
01D0: 18 43 7C 77 0C 56 00 00 15 00 00 00 00 00 00 00 
01E0: 00 00 00 00 00 00 00 00 00 00 00 00 00 00 00 00 
01F0: 84 00 00 00 00 00 00 00 02 00 00 00 00 00 00 00 
0200: 00 00 00 00 00 00 00 00 33 00 00 00 01 00 00 00 
0210: 00 00 00 00 00 00 00 00 00 00 00 00 00 00 00 00 
0220: B0 40 7C 77 0C 56 00 00 00 00 00 00 00 00 00 00 
0230: 00 00 00 00 00 00 00 00 00 00 00 00 00 00 00 00 
0240: 00 00 00 00 00 00 00 00 18 47 7C 77 0C 56 00 00 
0250: 00 00 00 00 00 00 00 00 00 00 00 00 00 00 00 00 
0260: F8 41 7C 77 0C 56 00 00 00 00 00 00 00 00 00 00 
0270: 00 00 00 00 00 00 

###########################################################

***********************TCP Packet*************************

                        Packet Data                           

   |Packet Total Length    : 66 Bytes

                        IP Header                           
   |-Source IP             : 127.0.0.1
   |-Destination IP        : 127.0.0.1


                        TCP Header                           

   |-Source Port           : 32512
   |-Destination Port      : 1
   |-Cache Flag            : 0
   |-Steps Flag            : 0
   |-Type Flag             : 0
   |-Status Code           : 520
   |-Cache Control         : 32784
   |-Timestamp             : 4264034304

                        DATA                           

0000: D0 3C 46 51 FC 7E 00 00 D0 3C 46 51 FC 7E 00 00 
0010: 00 00 00 00 00 00 00 00 00 00 00 00 00 00 00 00 
0020: 10 12 7C 77 0C 56 00 00 00 00 00 00 00 00 00 00 
0030: 00 00 00 00 00 00 00 00 A0 14 7C 77 0C 56 00 00 
0040: 00 00 

###########################################################

***********************TCP Packet*************************

                        Packet Data                           

   |Packet Total Length    : 66 Bytes

                        IP Header                           
   |-Source IP             : 127.0.0.1
   |-Destination IP        : 127.0.0.1


                        TCP Header                           

   |-Source Port           : 32512
   |-Destination Port      : 1
   |-Cache Flag            : 0
   |-Steps Flag            : 0
   |-Type Flag             : 0
   |-Status Code           : 520
   |-Cache Control         : 32785
   |-Timestamp             : 4264034304

                        DATA                           

0000: 80 3C 46 51 FC 7E 00 00 80 3C 46 51 FC 7E 00 00 
0010: 00 00 00 00 00 00 00 00 00 00 00 00 00 00 00 00 
0020: 00 00 00 00 00 00 00 00 00 00 00 00 00 00 00 00 
0030: 00 00 00 00 00 00 00 00 00 00 00 00 00 00 00 00 
0040: 00 00 

###########################################################

***********************TCP Packet*************************

                        Packet Data                           

   |Packet Total Length    : 630 Bytes

                        IP Header                           
   |-Source IP             : 127.0.0.1
   |-Destination IP        : 127.0.0.1


                        TCP Header                           

   |-Source Port           : 32512
   |-Destination Port      : 1
   |-Cache Flag            : 0
   |-Steps Flag            : 0
   |-Type Flag             : 0
   |-Status Code           : 520
   |-Cache Control         : 32792
   |-Timestamp             : 6094848

                        DATA                           

0000: 00 00 00 00 00 00 00 00 00 00 00 00 00 00 00 00 
0010: 00 00 00 00 00 00 00 00 00 00 00 00 00 00 00 00 
0020: 00 00 00 00 00 00 00 00 00 00 00 00 00 00 00 00 
0030: 00 00 00 00 00 00 00 00 00 00 00 00 00 00 00 00 
0040: 00 00 00 00 00 00 00 00 00 00 00 00 00 00 00 00 
0050: 00 00 00 00 00 00 00 00 00 00 00 00 00 00 00 00 
0060: 00 00 00 00 00 00 00 00 30 00 00 00 00 00 00 00 
0070: 00 00 00 00 00 00 00 00 00 00 00 00 00 00 00 00 
0080: 14 00 00 00 00 00 00 00 00 00 00 00 00 00 00 00 
0090: 00 00 00 00 00 00 00 00 60 44 7C 77 0C 56 00 00 
00A0: 15 00 00 00 00 00 00 00 00 00 00 00 00 00 00 00 
00B0: 00 00 00 00 00 00 00 00 0F 27 00 00 00 00 00 00 
00C0: 02 00 00 00 00 00 00 00 00 00 00 00 00 00 00 00 
00D0: 3D 00 00 00 00 00 00 00 00 00 00 00 00 00 00 00 
00E0: 00 00 00 00 00 00 00 00 58 72 7C 77 0C 56 00 00 
00F0: 00 00 00 00 00 00 00 00 00 00 00 00 00 00 00 00 
0100: 00 00 00 00 00 00 00 00 00 00 00 00 00 00 00 00 
0110: A8 55 7C 77 0C 56 00 00 00 00 00 00 00 00 00 00 
0120: 00 00 00 00 00 00 00 00 60 48 7C 77 0C 56 00 00 
0130: 00 00 00 00 00 00 00 00 00 00 00 00 00 00 00 00 
0140: 00 00 00 00 00 00 00 00 00 00 00 00 00 00 00 00 
0150: 00 00 00 00 00 00 00 00 00 00 00 00 00 00 00 00 
0160: 00 00 00 00 00 00 00 00 00 00 00 00 00 00 00 00 
0170: 00 00 00 00 00 00 00 00 00 00 00 00 00 00 00 00 
0180: 00 00 00 00 00 00 00 00 00 00 00 00 00 00 00 00 
0190: 00 00 00 00 00 00 00 00 00 00 00 00 00 00 00 00 
01A0: 00 00 00 00 00 00 00 00 00 00 00 00 00 00 00 00 
01B0: 28 00 00 00 00 00 00 00 00 00 00 00 00 00 00 00 
01C0: 00 00 00 00 00 00 00 00 36 00 00 00 00 00 00 00 
01D0: 00 00 00 00 00 00 00 00 00 00 00 00 00 00 00 00 
01E0: A8 45 7C 77 0C 56 00 00 15 00 00 00 00 00 00 00 
01F0: 00 00 00 00 00 00 00 00 00 00 00 00 00 00 00 00 
0200: 11 00 00 00 00 00 00 00 02 00 00 00 00 00 00 00 
0210: 00 00 00 00 00 00 00 00 3B 00 00 00 01 00 00 00 
0220: 00 00 00 00 00 00 00 00 00 00 00 00 00 00 00 00 
0230: 40 43 7C 77 0C 56 00 00 00 00 00 00 00 00 00 00 
0240: 00 00 00 00 00 00 00 00 00 00 00 00 00 00 00 00 
0250: 00 00 00 00 00 00 00 00 A8 55 7C 77 0C 56 00 00 
0260: 00 00 00 00 00 00 00 00 00 00 00 00 00 00 00 00 
0270: 88 44 7C 77 0C 56 

###########################################################

***********************TCP Packet*************************

                        Packet Data                           

   |Packet Total Length    : 66 Bytes

                        IP Header                           
   |-Source IP             : 127.0.0.1
   |-Destination IP        : 127.0.0.1


                        TCP Header                           

   |-Source Port           : 32512
   |-Destination Port      : 1
   |-Cache Flag            : 0
   |-Steps Flag            : 0
   |-Type Flag             : 0
   |-Status Code           : 520
   |-Cache Control         : 32785
   |-Timestamp             : 4264034304

                        DATA                           

0000: 30 3C 46 51 FC 7E 00 00 30 3C 46 51 FC 7E 00 00 
0010: 00 00 00 00 00 00 00 00 00 00 00 00 00 00 00 00 
0020: 28 00 00 00 00 00 00 00 00 00 00 00 00 00 00 00 
0030: 00 00 00 00 00 00 00 00 0C 00 00 00 00 00 00 00 
0040: 00 00 

###########################################################

***********************TCP Packet*************************

                        Packet Data                           

   |Packet Total Length    : 66 Bytes

                        IP Header                           
   |-Source IP             : 127.0.0.1
   |-Destination IP        : 127.0.0.1


                        TCP Header                           

   |-Source Port           : 32512
   |-Destination Port      : 1
   |-Cache Flag            : 0
   |-Steps Flag            : 0
   |-Type Flag             : 0
   |-Status Code           : 520
   |-Cache Control         : 32784
   |-Timestamp             : 4264034304

                        DATA                           

0000: 00 00 00 00 00 00 00 00 00 00 00 00 00 00 00 00 
0010: 00 00 00 00 00 00 00 00 00 00 00 00 00 00 00 00 
0020: 00 00 00 00 00 00 00 00 00 00 00 00 00 00 00 00 
0030: 00 00 00 00 00 00 00 00 00 00 00 00 00 00 00 00 
0040: 00 00 

###########################################################

***********************TCP Packet*************************

                        Packet Data                           

   |Packet Total Length    : 66 Bytes

                        IP Header                           
   |-Source IP             : 127.0.0.1
   |-Destination IP        : 127.0.0.1


                        TCP Header                           

   |-Source Port           : 32512
   |-Destination Port      : 1
   |-Cache Flag            : 0
   |-Steps Flag            : 0
   |-Type Flag             : 0
   |-Status Code           : 520
   |-Cache Control         : 32784
   |-Timestamp             : 4264034304

                        DATA                           

0000: 00 00 00 00 00 00 00 00 00 00 00 00 00 00 00 00 
0010: 00 00 00 00 00 00 00 00 00 00 00 00 00 00 00 00 
0020: 00 00 00 00 00 00 00 00 30 00 00 00 00 00 00 00 
0030: 00 00 00 00 00 00 00 00 00 00 00 00 00 00 00 00 
0040: 14 00 

###########################################################

***********************TCP Packet*************************

                        Packet Data                           

   |Packet Total Length    : 66 Bytes

                        IP Header                           
   |-Source IP             : 127.0.0.1
   |-Destination IP        : 127.0.0.1


                        TCP Header                           

   |-Source Port           : 32512
   |-Destination Port      : 1
   |-Cache Flag            : 0
   |-Steps Flag            : 0
   |-Type Flag             : 0
   |-Status Code           : 520
   |-Cache Control         : 32785
   |-Timestamp             : 4264034304

                        DATA                           

0000: 00 00 00 00 00 00 00 00 F0 46 7C 77 0C 56 00 00 
0010: 15 00 00 00 00 00 00 00 00 00 00 00 00 00 00 00 
0020: 00 00 00 00 00 00 00 00 0F 27 00 00 00 00 00 00 
0030: 02 00 00 00 00 00 00 00 00 00 00 00 00 00 00 00 
0040: 39 00 

###########################################################

***********************TCP Packet*************************

                        Packet Data                           

   |Packet Total Length    : 66 Bytes

                        IP Header                           
   |-Source IP             : 127.0.0.1
   |-Destination IP        : 127.0.0.1


                        TCP Header                           

   |-Source Port           : 32512
   |-Destination Port      : 1
   |-Cache Flag            : 0
   |-Steps Flag            : 0
   |-Type Flag             : 0
   |-Status Code           : 520
   |-Cache Control         : 32785
   |-Timestamp             : 4264034304

                        DATA                           

0000: 00 00 00 00 00 00 00 00 58 72 7C 77 0C 56 00 00 
0010: 00 00 00 00 00 00 00 00 00 00 00 00 00 00 00 00 
0020: 00 00 00 00 00 00 00 00 00 00 00 00 00 00 00 00 
0030: 88 44 7C 77 0C 56 00 00 00 00 00 00 00 00 00 00 
0040: 00 00 

###########################################################

***********************TCP Packet*************************

                        Packet Data                           

   |Packet Total Length    : 66 Bytes

                        IP Header                           
   |-Source IP             : 127.0.0.1
   |-Destination IP        : 127.0.0.1


                        TCP Header                           

   |-Source Port           : 32512
   |-Destination Port      : 1
   |-Cache Flag            : 0
   |-Steps Flag            : 0
   |-Type Flag             : 0
   |-Status Code           : 520
   |-Cache Control         : 32784
   |-Timestamp             : 4264034304

                        DATA                           

0000: 00 00 00 00 00 00 00 00 00 00 00 00 00 00 00 00 
0010: 00 00 00 00 00 00 00 00 00 00 00 00 00 00 00 00 
0020: 00 00 00 00 00 00 00 00 00 00 00 00 00 00 00 00 
0030: 00 00 00 00 00 00 00 00 00 00 00 00 00 00 00 00 
0040: 00 00 

###########################################################

***********************TCP Packet*************************

                        Packet Data                           

   |Packet Total Length    : 74 Bytes

                        IP Header                           
   |-Source IP             : 127.0.0.1
   |-Destination IP        : 127.0.0.1


                        TCP Header                           

   |-Source Port           : 32512
   |-Destination Port      : 1
   |-Cache Flag            : 1
   |-Steps Flag            : 1
   |-Type Flag             : 1
   |-Status Code           : 1023
   |-Cache Control         : 40962
   |-Timestamp             : 4264558592

                        DATA                           

0000: 00 00 00 00 00 00 00 00 00 00 00 00 00 00 00 00 
0010: 74 20 70 6F 72 74 20 39 39 39 39 20 6F 72 20 73 
0020: 72 63 20 70 6F 72 74 20 39 39 39 39 20 6F 72 20 
0030: 64 73 74 20 70 6F 72 74 20 39 39 39 38 20 6F 72 
0040: 20 73 72 63 20 70 6F 72 74 20 

###########################################################

***********************TCP Packet*************************

                        Packet Data                           

   |Packet Total Length    : 74 Bytes

                        IP Header                           
   |-Source IP             : 127.0.0.1
   |-Destination IP        : 127.0.0.1


                        TCP Header                           

   |-Source Port           : 32512
   |-Destination Port      : 1
   |-Cache Flag            : 1
   |-Steps Flag            : 1
   |-Type Flag             : 1
   |-Status Code           : 1023
   |-Cache Control         : 40978
   |-Timestamp             : 4264558592

                        DATA                           

0000: E0 AE C0 88 96 7F 00 00 E0 AE C0 88 96 7F 00 00 
0010: 00 00 00 00 00 00 00 00 00 00 00 00 00 00 00 00 
0020: 00 00 00 00 00 00 00 00 00 00 00 00 00 00 00 00 
0030: 00 00 00 00 00 00 00 00 00 00 00 00 00 00 00 00 
0040: 28 00 00 00 00 00 00 00 00 00 

###########################################################

***********************TCP Packet*************************

                        Packet Data                           

   |Packet Total Length    : 66 Bytes

                        IP Header                           
   |-Source IP             : 127.0.0.1
   |-Destination IP        : 127.0.0.1


                        TCP Header                           

   |-Source Port           : 32512
   |-Destination Port      : 1
   |-Cache Flag            : 0
   |-Steps Flag            : 0
   |-Type Flag             : 0
   |-Status Code           : 520
   |-Cache Control         : 32784
   |-Timestamp             : 4264034304

                        DATA                           

0000: 00 00 00 00 00 00 00 00 00 00 00 00 00 00 00 00 
0010: 20 0D BE 90 FB 55 00 00 4E 00 00 00 4E 00 00 00 
0020: 01 00 00 00 00 00 00 00 01 00 00 00 00 00 00 00 
0030: 00 00 00 00 00 00 00 00 01 00 00 00 00 00 00 00 
0040: 00 00 

###########################################################

***********************TCP Packet*************************

                        Packet Data                           

   |Packet Total Length    : 753 Bytes

                        IP Header                           
   |-Source IP             : 127.0.0.1
   |-Destination IP        : 127.0.0.1


                        TCP Header                           

   |-Source Port           : 32512
   |-Destination Port      : 1
   |-Cache Flag            : 0
   |-Steps Flag            : 0
   |-Type Flag             : 0
   |-Status Code           : 520
   |-Cache Control         : 32792
   |-Timestamp             : 14155776

                        DATA                           

0000: F0 AE C0 88 96 7F 00 00 F0 AE C0 88 96 7F 00 00 
0010: 00 00 00 00 00 00 00 00 01 03 00 00 00 00 00 00 
0020: E0 AB C0 88 96 7F 00 00 C0 0D BE 90 FB 55 00 00 
0030: 00 00 00 00 00 00 00 00 00 00 00 00 00 00 00 00 
0040: 00 00 00 00 00 00 00 00 00 00 00 00 00 00 00 00 
0050: 00 00 00 00 00 00 00 00 00 00 00 00 00 00 00 00 
0060: 00 00 00 00 00 00 00 00 00 00 00 00 00 00 00 00 
0070: 00 00 00 00 00 00 00 00 00 00 00 00 00 00 00 00 
0080: 00 00 00 00 00 00 00 00 00 00 00 00 00 00 00 00 
0090: 00 00 00 00 00 00 00 00 00 00 00 00 00 00 00 00 
00A0: 00 00 00 00 00 00 00 00 00 00 00 00 00 00 00 00 
00B0: 00 00 00 00 00 00 00 00 00 00 00 00 00 00 00 00 
00C0: 00 00 00 00 00 00 00 00 00 00 00 00 00 00 00 00 
00D0: 00 00 00 00 00 00 00 00 00 00 00 00 00 00 00 00 
00E0: 00 00 00 00 00 00 00 00 00 00 00 00 00 00 00 00 
00F0: 00 00 00 00 00 00 00 00 00 00 00 00 00 00 00 00 
0100: 00 00 00 00 00 00 00 00 00 00 00 00 00 00 00 00 
0110: 00 00 00 00 00 00 00 00 00 00 00 00 00 00 00 00 
0120: 00 00 00 00 00 00 00 00 00 00 00 00 00 00 00 00 
0130: 00 00 00 00 00 00 00 00 00 00 00 00 00 00 00 00 
0140: 00 00 00 00 00 00 00 00 00 00 00 00 00 00 00 00 
0150: 00 00 00 00 00 00 00 00 00 00 00 00 00 00 00 00 
0160: 00 00 00 00 00 00 00 00 00 00 00 00 00 00 00 00 
0170: 00 00 00 00 00 00 00 00 00 00 00 00 00 00 00 00 
0180: 00 00 00 00 00 00 00 00 00 00 00 00 00 00 00 00 
0190: 00 00 00 00 00 00 00 00 00 00 00 00 00 00 00 00 
01A0: 00 00 00 00 00 00 00 00 00 00 00 00 00 00 00 00 
01B0: 00 00 00 00 00 00 00 00 00 00 00 00 00 00 00 00 
01C0: 00 00 00 00 00 00 00 00 00 00 00 00 00 00 00 00 
01D0: 00 00 00 00 00 00 00 00 00 00 00 00 00 00 00 00 
01E0: 00 00 00 00 00 00 00 00 00 00 00 00 00 00 00 00 
01F0: 00 00 00 00 00 00 00 00 00 00 00 00 00 00 00 00 
0200: 00 00 00 00 00 00 00 00 00 00 00 00 00 00 00 00 
0210: 00 00 00 00 00 00 00 00 00 00 00 00 00 00 00 00 
0220: 00 00 00 00 00 00 00 00 00 00 00 00 00 00 00 00 
0230: 00 00 00 00 00 00 00 00 00 00 00 00 00 00 00 00 
0240: 00 00 00 00 00 00 00 00 00 00 00 00 00 00 00 00 
0250: 00 00 00 00 00 00 00 00 00 00 00 00 00 00 00 00 
0260: 00 00 00 00 00 00 00 00 00 00 00 00 00 00 00 00 
0270: 00 00 00 00 00 00 00 00 00 00 00 00 00 00 00 00 
0280: 00 00 00 00 00 00 00 00 00 00 00 00 00 00 00 00 
0290: 00 00 00 00 00 00 00 00 00 00 00 00 00 00 00 00 
02A0: 00 00 00 00 00 00 00 00 00 00 00 00 00 00 00 00 
02B0: 00 00 00 00 00 00 00 00 00 00 00 00 00 00 00 00 
02C0: 00 00 00 00 00 00 00 00 00 00 00 00 00 00 00 00 
02D0: 00 00 00 00 00 00 00 00 00 00 00 00 00 00 00 00 
02E0: 00 00 00 00 00 00 00 00 00 00 00 00 00 00 00 00 
02F0: 00 

###########################################################

***********************TCP Packet*************************

                        Packet Data                           

   |Packet Total Length    : 66 Bytes

                        IP Header                           
   |-Source IP             : 127.0.0.1
   |-Destination IP        : 127.0.0.1


                        TCP Header                           

   |-Source Port           : 32512
   |-Destination Port      : 1
   |-Cache Flag            : 0
   |-Steps Flag            : 0
   |-Type Flag             : 0
   |-Status Code           : 520
   |-Cache Control         : 32784
   |-Timestamp             : 4264034304

                        DATA                           

0000: 80 AE C0 88 96 7F 00 00 80 AE C0 88 96 7F 00 00 
0010: 78 14 BE 90 FB 55 00 00 15 00 00 00 00 00 00 00 
0020: 00 00 00 00 00 00 00 00 00 00 00 00 00 00 00 00 
0030: 06 00 00 00 00 00 00 00 02 00 00 00 00 00 00 00 
0040: 00 00 

###########################################################

***********************TCP Packet*************************

                        Packet Data                           

   |Packet Total Length    : 74 Bytes

                        IP Header                           
   |-Source IP             : 127.0.0.1
   |-Destination IP        : 127.0.0.1


                        TCP Header                           

   |-Source Port           : 32512
   |-Destination Port      : 1
   |-Cache Flag            : 1
   |-Steps Flag            : 1
   |-Type Flag             : 1
   |-Status Code           : 1023
   |-Cache Control         : 40962
   |-Timestamp             : 4264558592

                        DATA                           

0000: 30 AE C0 88 96 7F 00 00 30 AE C0 88 96 7F 00 00 
0010: B8 2E BE 90 FB 55 00 00 00 00 00 00 00 00 00 00 
0020: 00 00 00 00 00 00 00 00 00 00 00 00 00 00 00 00 
0030: 00 00 00 00 00 00 00 00 10 12 BE 90 FB 55 00 00 
0040: 00 00 00 00 00 00 00 00 00 00 

###########################################################

***********************TCP Packet*************************

                        Packet Data                           

   |Packet Total Length    : 74 Bytes

                        IP Header                           
   |-Source IP             : 127.0.0.1
   |-Destination IP        : 127.0.0.1


                        TCP Header                           

   |-Source Port           : 32512
   |-Destination Port      : 1
   |-Cache Flag            : 1
   |-Steps Flag            : 1
   |-Type Flag             : 1
   |-Status Code           : 1023
   |-Cache Control         : 40978
   |-Timestamp             : 4264558592

                        DATA                           

0000: D0 AD C0 88 96 7F 00 00 D0 AD C0 88 96 7F 00 00 
0010: 00 00 00 00 00 00 00 00 00 00 00 00 00 00 00 00 
0020: 00 00 00 00 00 00 00 00 00 00 00 00 00 00 00 00 
0030: 00 00 00 00 00 00 00 00 00 00 00 00 00 00 00 00 
0040: 00 00 00 00 00 00 00 00 00 00 

###########################################################

***********************TCP Packet*************************

                        Packet Data                           

   |Packet Total Length    : 66 Bytes

                        IP Header                           
   |-Source IP             : 127.0.0.1
   |-Destination IP        : 127.0.0.1


                        TCP Header                           

   |-Source Port           : 32512
   |-Destination Port      : 1
   |-Cache Flag            : 0
   |-Steps Flag            : 0
   |-Type Flag             : 0
   |-Status Code           : 520
   |-Cache Control         : 32784
   |-Timestamp             : 4264034304

                        DATA                           

0000: 70 AD C0 88 96 7F 00 00 70 AD C0 88 96 7F 00 00 
0010: 00 00 00 00 00 00 00 00 30 00 00 00 00 00 00 00 
0020: 00 00 00 00 00 00 00 00 00 00 00 00 00 00 00 00 
0030: 17 00 00 00 00 00 00 00 00 00 00 00 00 00 00 00 
0040: 00 00 

###########################################################

***********************TCP Packet*************************

                        Packet Data                           

   |Packet Total Length    : 753 Bytes

                        IP Header                           
   |-Source IP             : 127.0.0.1
   |-Destination IP        : 127.0.0.1


                        TCP Header                           

   |-Source Port           : 32512
   |-Destination Port      : 1
   |-Cache Flag            : 0
   |-Steps Flag            : 0
   |-Type Flag             : 0
   |-Status Code           : 520
   |-Cache Control         : 32792
   |-Timestamp             : 14155776

                        DATA                           

0000: 00 00 00 00 00 00 00 00 00 00 00 00 00 00 00 00 
0010: 00 00 00 00 00 00 00 00 00 00 00 00 00 00 00 00 
0020: 00 00 00 00 00 00 00 00 00 00 00 00 00 00 00 00 
0030: 00 00 00 00 00 00 00 00 00 00 00 00 00 00 00 00 
0040: 00 00 00 00 00 00 00 00 00 00 00 00 00 00 00 00 
0050: 00 00 00 00 00 00 00 00 00 00 00 00 00 00 00 00 
0060: 00 00 00 00 00 00 00 00 00 00 00 00 00 00 00 00 
0070: 00 00 00 00 00 00 00 00 00 00 00 00 00 00 00 00 
0080: 00 00 00 00 00 00 00 00 00 00 00 00 00 00 00 00 
0090: 00 00 00 00 00 00 00 00 00 00 00 00 00 00 00 00 
00A0: 00 00 00 00 00 00 00 00 00 00 00 00 00 00 00 00 
00B0: 00 00 00 00 00 00 00 00 00 00 00 00 00 00 00 00 
00C0: 00 00 00 00 00 00 00 00 28 00 00 00 00 00 00 00 
00D0: 00 00 00 00 00 00 00 00 00 00 00 00 00 00 00 00 
00E0: 14 00 00 00 00 00 00 00 00 00 00 00 00 00 00 00 
00F0: 00 00 00 00 00 00 00 00 40 3F BE 90 FB 55 00 00 
0100: 15 00 00 00 00 00 00 00 00 00 00 00 00 00 00 00 
0110: 00 00 00 00 00 00 00 00 06 00 00 00 00 00 00 00 
0120: 02 00 00 00 00 00 00 00 00 00 00 00 00 00 00 00 
0130: 6D 00 00 00 01 00 00 00 00 00 00 00 00 00 00 00 
0140: 00 00 00 00 00 00 00 00 20 9C BE 90 FB 55 00 00 
0150: 00 00 00 00 00 00 00 00 00 00 00 00 00 00 00 00 
0160: 00 00 00 00 00 00 00 00 00 00 00 00 00 00 00 00 
0170: 68 99 BE 90 FB 55 00 00 00 00 00 00 00 00 00 00 
0180: 00 00 00 00 00 00 00 00 20 3E BE 90 FB 55 00 00 
0190: 00 00 00 00 00 00 00 00 00 00 00 00 00 00 00 00 
01A0: 00 00 00 00 00 00 00 00 00 00 00 00 00 00 00 00 
01B0: 00 00 00 00 00 00 00 00 00 00 00 00 00 00 00 00 
01C0: 00 00 00 00 00 00 00 00 00 00 00 00 00 00 00 00 
01D0: 00 00 00 00 00 00 00 00 00 00 00 00 00 00 00 00 
01E0: 00 00 00 00 00 00 00 00 00 00 00 00 00 00 00 00 
01F0: 00 00 00 00 00 00 00 00 00 00 00 00 00 00 00 00 
0200: 00 00 00 00 00 00 00 00 00 00 00 00 00 00 00 00 
0210: 30 00 00 00 00 00 00 00 00 00 00 00 00 00 00 00 
0220: 00 00 00 00 00 00 00 00 17 00 00 00 00 00 00 00 
0230: 00 00 00 00 00 00 00 00 00 00 00 00 00 00 00 00 
0240: 88 40 BE 90 FB 55 00 00 15 00 00 00 00 00 00 00 
0250: 00 00 00 00 00 00 00 00 00 00 00 00 00 00 00 00 
0260: 00 08 00 00 00 00 00 00 02 00 00 00 00 00 00 00 
0270: 00 00 00 00 00 00 00 00 64 00 00 00 01 00 00 00 
0280: 00 00 00 00 00 00 00 00 00 00 00 00 00 00 00 00 
0290: 68 95 BE 90 FB 55 00 00 00 00 00 00 00 00 00 00 
02A0: 00 00 00 00 00 00 00 00 00 00 00 00 00 00 00 00 
02B0: 00 00 00 00 00 00 00 00 28 7B BE 90 FB 55 00 00 
02C0: 00 00 00 00 00 00 00 00 00 00 00 00 00 00 00 00 
02D0: 68 3F BE 90 FB 55 00 00 00 00 00 00 00 00 00 00 
02E0: 00 00 00 00 00 00 00 00 00 00 00 00 00 00 00 00 
02F0: 00 

###########################################################

***********************TCP Packet*************************

                        Packet Data                           

   |Packet Total Length    : 66 Bytes

                        IP Header                           
   |-Source IP             : 127.0.0.1
   |-Destination IP        : 127.0.0.1


                        TCP Header                           

   |-Source Port           : 32512
   |-Destination Port      : 1
   |-Cache Flag            : 0
   |-Steps Flag            : 0
   |-Type Flag             : 0
   |-Status Code           : 520
   |-Cache Control         : 32784
   |-Timestamp             : 4264034304

                        DATA                           

0000: 20 AD C0 88 96 7F 00 00 20 AD C0 88 96 7F 00 00 
0010: 00 00 00 00 00 00 00 00 00 08 00 00 00 00 00 00 
0020: 02 00 00 00 00 00 00 00 00 00 00 00 00 00 00 00 
0030: 00 00 00 00 01 00 00 00 00 00 00 00 00 00 00 00 
0040: 00 00 

###########################################################

***********************TCP Packet*************************

                        Packet Data                           

   |Packet Total Length    : 630 Bytes

                        IP Header                           
   |-Source IP             : 127.0.0.1
   |-Destination IP        : 127.0.0.1


                        TCP Header                           

   |-Source Port           : 32512
   |-Destination Port      : 1
   |-Cache Flag            : 0
   |-Steps Flag            : 0
   |-Type Flag             : 0
   |-Status Code           : 520
   |-Cache Control         : 32792
   |-Timestamp             : 6094848

                        DATA                           

0000: 00 00 00 00 00 00 00 00 00 00 00 00 00 00 00 00 
0010: 00 00 00 00 00 00 00 00 00 00 00 00 00 00 00 00 
0020: 00 00 00 00 00 00 00 00 00 00 00 00 00 00 00 00 
0030: 00 00 00 00 00 00 00 00 00 00 00 00 00 00 00 00 
0040: 00 00 00 00 00 00 00 00 00 00 00 00 00 00 00 00 
0050: 00 00 00 00 00 00 00 00 28 00 00 00 00 00 00 00 
0060: 00 00 00 00 00 00 00 00 00 00 00 00 00 00 00 00 
0070: 0C 00 00 00 00 00 00 00 00 00 00 00 00 00 00 00 
0080: 00 00 00 00 00 00 00 00 D0 41 BE 90 FB 55 00 00 
0090: 15 00 00 00 00 00 00 00 00 00 00 00 00 00 00 00 
00A0: 00 00 00 00 00 00 00 00 0F 27 00 00 00 00 00 00 
00B0: 02 00 00 00 00 00 00 00 00 00 00 00 00 00 00 00 
00C0: 35 00 00 00 00 00 00 00 00 00 00 00 00 00 00 00 
00D0: 00 00 00 00 00 00 00 00 58 72 BE 90 FB 55 00 00 
00E0: 00 00 00 00 00 00 00 00 00 00 00 00 00 00 00 00 
00F0: 00 00 00 00 00 00 00 00 00 00 00 00 00 00 00 00 
0100: 18 47 BE 90 FB 55 00 00 00 00 00 00 00 00 00 00 
0110: 00 00 00 00 00 00 00 00 F8 41 BE 90 FB 55 00 00 
0120: 00 00 00 00 00 00 00 00 00 00 00 00 00 00 00 00 
0130: 00 00 00 00 00 00 00 00 00 00 00 00 00 00 00 00 
0140: 00 00 00 00 00 00 00 00 00 00 00 00 00 00 00 00 
0150: 00 00 00 00 00 00 00 00 00 00 00 00 00 00 00 00 
0160: 00 00 00 00 00 00 00 00 00 00 00 00 00 00 00 00 
0170: 00 00 00 00 00 00 00 00 00 00 00 00 00 00 00 00 
0180: 00 00 00 00 00 00 00 00 00 00 00 00 00 00 00 00 
0190: 00 00 00 00 00 00 00 00 00 00 00 00 00 00 00 00 
01A0: 28 00 00 00 00 00 00 00 00 00 00 00 00 00 00 00 
01B0: 00 00 00 00 00 00 00 00 36 00 00 00 00 00 00 00 
01C0: 00 00 00 00 00 00 00 00 00 00 00 00 00 00 00 00 
01D0: 18 43 BE 90 FB 55 00 00 15 00 00 00 00 00 00 00 
01E0: 00 00 00 00 00 00 00 00 00 00 00 00 00 00 00 00 
01F0: 84 00 00 00 00 00 00 00 02 00 00 00 00 00 00 00 
0200: 00 00 00 00 00 00 00 00 33 00 00 00 01 00 00 00 
0210: 00 00 00 00 00 00 00 00 00 00 00 00 00 00 00 00 
0220: B0 40 BE 90 FB 55 00 00 00 00 00 00 00 00 00 00 
0230: 00 00 00 00 00 00 00 00 00 00 00 00 00 00 00 00 
0240: 00 00 00 00 00 00 00 00 18 47 BE 90 FB 55 00 00 
0250: 00 00 00 00 00 00 00 00 00 00 00 00 00 00 00 00 
0260: F8 41 BE 90 FB 55 00 00 00 00 00 00 00 00 00 00 
0270: 00 00 00 00 00 00 

###########################################################

***********************TCP Packet*************************

                        Packet Data                           

   |Packet Total Length    : 66 Bytes

                        IP Header                           
   |-Source IP             : 127.0.0.1
   |-Destination IP        : 127.0.0.1


                        TCP Header                           

   |-Source Port           : 32512
   |-Destination Port      : 1
   |-Cache Flag            : 0
   |-Steps Flag            : 0
   |-Type Flag             : 0
   |-Status Code           : 520
   |-Cache Control         : 32784
   |-Timestamp             : 4264034304

                        DATA                           

0000: D0 AC C0 88 96 7F 00 00 D0 AC C0 88 96 7F 00 00 
0010: 00 00 00 00 00 00 00 00 00 00 00 00 00 00 00 00 
0020: 10 12 BE 90 FB 55 00 00 00 00 00 00 00 00 00 00 
0030: 00 00 00 00 00 00 00 00 A0 14 BE 90 FB 55 00 00 
0040: 00 00 

###########################################################

***********************TCP Packet*************************

                        Packet Data                           

   |Packet Total Length    : 66 Bytes

                        IP Header                           
   |-Source IP             : 127.0.0.1
   |-Destination IP        : 127.0.0.1


                        TCP Header                           

   |-Source Port           : 32512
   |-Destination Port      : 1
   |-Cache Flag            : 0
   |-Steps Flag            : 0
   |-Type Flag             : 0
   |-Status Code           : 520
   |-Cache Control         : 32785
   |-Timestamp             : 4264034304

                        DATA                           

0000: 80 AC C0 88 96 7F 00 00 80 AC C0 88 96 7F 00 00 
0010: 00 00 00 00 00 00 00 00 00 00 00 00 00 00 00 00 
0020: 00 00 00 00 00 00 00 00 00 00 00 00 00 00 00 00 
0030: 00 00 00 00 00 00 00 00 00 00 00 00 00 00 00 00 
0040: 00 00 

###########################################################

***********************TCP Packet*************************

                        Packet Data                           

   |Packet Total Length    : 66 Bytes

                        IP Header                           
   |-Source IP             : 127.0.0.1
   |-Destination IP        : 127.0.0.1


                        TCP Header                           

   |-Source Port           : 32512
   |-Destination Port      : 1
   |-Cache Flag            : 0
   |-Steps Flag            : 0
   |-Type Flag             : 0
   |-Status Code           : 520
   |-Cache Control         : 32785
   |-Timestamp             : 4264034304

                        DATA                           

0000: 30 AC C0 88 96 7F 00 00 30 AC C0 88 96 7F 00 00 
0010: 00 00 00 00 00 00 00 00 00 00 00 00 00 00 00 00 
0020: 28 00 00 00 00 00 00 00 00 00 00 00 00 00 00 00 
0030: 00 00 00 00 00 00 00 00 0C 00 00 00 00 00 00 00 
0040: 00 00 

###########################################################

***********************TCP Packet*************************

                        Packet Data                           

   |Packet Total Length    : 66 Bytes

                        IP Header                           
   |-Source IP             : 127.0.0.1
   |-Destination IP        : 127.0.0.1


                        TCP Header                           

   |-Source Port           : 32512
   |-Destination Port      : 1
   |-Cache Flag            : 0
   |-Steps Flag            : 0
   |-Type Flag             : 0
   |-Status Code           : 520
   |-Cache Control         : 32784
   |-Timestamp             : 4264034304

                        DATA                           

0000: 00 00 00 00 00 00 00 00 00 00 00 00 00 00 00 00 
0010: 00 00 00 00 00 00 00 00 00 00 00 00 00 00 00 00 
0020: 00 00 00 00 00 00 00 00 00 00 00 00 00 00 00 00 
0030: 00 00 00 00 00 00 00 00 00 00 00 00 00 00 00 00 
0040: 00 00 

###########################################################

***********************TCP Packet*************************

                        Packet Data                           

   |Packet Total Length    : 630 Bytes

                        IP Header                           
   |-Source IP             : 127.0.0.1
   |-Destination IP        : 127.0.0.1


                        TCP Header                           

   |-Source Port           : 32512
   |-Destination Port      : 1
   |-Cache Flag            : 0
   |-Steps Flag            : 0
   |-Type Flag             : 0
   |-Status Code           : 520
   |-Cache Control         : 32792
   |-Timestamp             : 6094848

                        DATA                           

0000: 00 00 00 00 00 00 00 00 00 00 00 00 00 00 00 00 
0010: 00 00 00 00 00 00 00 00 30 00 00 00 00 00 00 00 
0020: 00 00 00 00 00 00 00 00 00 00 00 00 00 00 00 00 
0030: 14 00 00 00 00 00 00 00 00 00 00 00 00 00 00 00 
0040: 00 00 00 00 00 00 00 00 60 44 BE 90 FB 55 00 00 
0050: 15 00 00 00 00 00 00 00 00 00 00 00 00 00 00 00 
0060: 00 00 00 00 00 00 00 00 0F 27 00 00 00 00 00 00 
0070: 02 00 00 00 00 00 00 00 00 00 00 00 00 00 00 00 
0080: 3D 00 00 00 00 00 00 00 00 00 00 00 00 00 00 00 
0090: 00 00 00 00 00 00 00 00 58 72 BE 90 FB 55 00 00 
00A0: 00 00 00 00 00 00 00 00 00 00 00 00 00 00 00 00 
00B0: 00 00 00 00 00 00 00 00 00 00 00 00 00 00 00 00 
00C0: A8 55 BE 90 FB 55 00 00 00 00 00 00 00 00 00 00 
00D0: 00 00 00 00 00 00 00 00 60 48 BE 90 FB 55 00 00 
00E0: 00 00 00 00 00 00 00 00 00 00 00 00 00 00 00 00 
00F0: 00 00 00 00 00 00 00 00 00 00 00 00 00 00 00 00 
0100: 00 00 00 00 00 00 00 00 00 00 00 00 00 00 00 00 
0110: 00 00 00 00 00 00 00 00 00 00 00 00 00 00 00 00 
0120: 00 00 00 00 00 00 00 00 00 00 00 00 00 00 00 00 
0130: 00 00 00 00 00 00 00 00 00 00 00 00 00 00 00 00 
0140: 00 00 00 00 00 00 00 00 00 00 00 00 00 00 00 00 
0150: 00 00 00 00 00 00 00 00 00 00 00 00 00 00 00 00 
0160: 28 00 00 00 00 00 00 00 00 00 00 00 00 00 00 00 
0170: 00 00 00 00 00 00 00 00 36 00 00 00 00 00 00 00 
0180: 00 00 00 00 00 00 00 00 00 00 00 00 00 00 00 00 
0190: A8 45 BE 90 FB 55 00 00 15 00 00 00 00 00 00 00 
01A0: 00 00 00 00 00 00 00 00 00 00 00 00 00 00 00 00 
01B0: 11 00 00 00 00 00 00 00 02 00 00 00 00 00 00 00 
01C0: 00 00 00 00 00 00 00 00 3B 00 00 00 01 00 00 00 
01D0: 00 00 00 00 00 00 00 00 00 00 00 00 00 00 00 00 
01E0: 40 43 BE 90 FB 55 00 00 00 00 00 00 00 00 00 00 
01F0: 00 00 00 00 00 00 00 00 00 00 00 00 00 00 00 00 
0200: 00 00 00 00 00 00 00 00 A8 55 BE 90 FB 55 00 00 
0210: 00 00 00 00 00 00 00 00 00 00 00 00 00 00 00 00 
0220: 88 44 BE 90 FB 55 00 00 00 00 00 00 00 00 00 00 
0230: 00 00 00 00 00 00 00 00 00 00 00 00 00 00 00 00 
0240: 00 00 00 00 00 00 00 00 00 00 00 00 00 00 00 00 
0250: 00 00 00 00 00 00 00 00 00 00 00 00 00 00 00 00 
0260: 00 00 00 00 00 00 00 00 00 00 00 00 00 00 00 00 
0270: 00 00 00 00 00 00 

###########################################################

***********************TCP Packet*************************

                        Packet Data                           

   |Packet Total Length    : 66 Bytes

                        IP Header                           
   |-Source IP             : 127.0.0.1
   |-Destination IP        : 127.0.0.1


                        TCP Header                           

   |-Source Port           : 32512
   |-Destination Port      : 1
   |-Cache Flag            : 0
   |-Steps Flag            : 0
   |-Type Flag             : 0
   |-Status Code           : 520
   |-Cache Control         : 32784
   |-Timestamp             : 4264034304

                        DATA                           

0000: 00 00 00 00 00 00 00 00 00 00 00 00 00 00 00 00 
0010: 00 00 00 00 00 00 00 00 00 00 00 00 00 00 00 00 
0020: 00 00 00 00 00 00 00 00 30 00 00 00 00 00 00 00 
0030: 00 00 00 00 00 00 00 00 00 00 00 00 00 00 00 00 
0040: 14 00 

###########################################################

***********************TCP Packet*************************

                        Packet Data                           

   |Packet Total Length    : 66 Bytes

                        IP Header                           
   |-Source IP             : 127.0.0.1
   |-Destination IP        : 127.0.0.1


                        TCP Header                           

   |-Source Port           : 32512
   |-Destination Port      : 1
   |-Cache Flag            : 0
   |-Steps Flag            : 0
   |-Type Flag             : 0
   |-Status Code           : 520
   |-Cache Control         : 32785
   |-Timestamp             : 4264034304

                        DATA                           

0000: 00 00 00 00 00 00 00 00 F0 46 BE 90 FB 55 00 00 
0010: 15 00 00 00 00 00 00 00 00 00 00 00 00 00 00 00 
0020: 00 00 00 00 00 00 00 00 0F 27 00 00 00 00 00 00 
0030: 02 00 00 00 00 00 00 00 00 00 00 00 00 00 00 00 
0040: 39 00 

###########################################################

***********************TCP Packet*************************

                        Packet Data                           

   |Packet Total Length    : 66 Bytes

                        IP Header                           
   |-Source IP             : 127.0.0.1
   |-Destination IP        : 127.0.0.1


                        TCP Header                           

   |-Source Port           : 32512
   |-Destination Port      : 1
   |-Cache Flag            : 0
   |-Steps Flag            : 0
   |-Type Flag             : 0
   |-Status Code           : 520
   |-Cache Control         : 32785
   |-Timestamp             : 4264034304

                        DATA                           

0000: 00 00 00 00 00 00 00 00 58 72 BE 90 FB 55 00 00 
0010: 00 00 00 00 00 00 00 00 00 00 00 00 00 00 00 00 
0020: 00 00 00 00 00 00 00 00 00 00 00 00 00 00 00 00 
0030: 88 44 BE 90 FB 55 00 00 00 00 00 00 00 00 00 00 
0040: 00 00 

###########################################################

***********************TCP Packet*************************

                        Packet Data                           

   |Packet Total Length    : 66 Bytes

                        IP Header                           
   |-Source IP             : 127.0.0.1
   |-Destination IP        : 127.0.0.1


                        TCP Header                           

   |-Source Port           : 32512
   |-Destination Port      : 1
   |-Cache Flag            : 0
   |-Steps Flag            : 0
   |-Type Flag             : 0
   |-Status Code           : 520
   |-Cache Control         : 32784
   |-Timestamp             : 4264034304

                        DATA                           

0000: 00 00 00 00 00 00 00 00 00 00 00 00 00 00 00 00 
0010: 00 00 00 00 00 00 00 00 00 00 00 00 00 00 00 00 
0020: 00 00 00 00 00 00 00 00 00 00 00 00 00 00 00 00 
0030: 00 00 00 00 00 00 00 00 00 00 00 00 00 00 00 00 
0040: 00 00 

###########################################################

***********************TCP Packet*************************

                        Packet Data                           

   |Packet Total Length    : 74 Bytes

                        IP Header                           
   |-Source IP             : 127.0.0.1
   |-Destination IP        : 127.0.0.1


                        TCP Header                           

   |-Source Port           : 32512
   |-Destination Port      : 1
   |-Cache Flag            : 1
   |-Steps Flag            : 1
   |-Type Flag             : 1
   |-Status Code           : 1023
   |-Cache Control         : 40962
   |-Timestamp             : 4264558592

                        DATA                           

0000: 00 00 00 00 00 00 00 00 00 00 00 00 00 00 00 00 
0010: 00 00 00 00 00 00 00 00 00 00 00 00 00 00 00 00 
0020: 00 00 00 00 00 00 00 00 00 00 00 00 00 00 00 00 
0030: 28 00 00 00 00 00 00 00 00 00 00 00 00 00 00 00 
0040: 00 00 00 00 00 00 00 00 36 00 

###########################################################

***********************TCP Packet*************************

                        Packet Data                           

   |Packet Total Length    : 74 Bytes

                        IP Header                           
   |-Source IP             : 127.0.0.1
   |-Destination IP        : 127.0.0.1


                        TCP Header                           

   |-Source Port           : 32512
   |-Destination Port      : 1
   |-Cache Flag            : 1
   |-Steps Flag            : 1
   |-Type Flag             : 1
   |-Status Code           : 1023
   |-Cache Control         : 40978
   |-Timestamp             : 4264558592

                        DATA                           

0000: 38 48 BE 90 FB 55 00 00 15 00 00 00 00 00 00 00 
0010: 00 00 00 00 00 00 00 00 00 00 00 00 00 00 00 00 
0020: 06 00 00 00 00 00 00 00 02 00 00 00 00 00 00 00 
0030: 00 00 00 00 00 00 00 00 37 00 00 00 01 00 00 00 
0040: 00 00 00 00 00 00 00 00 00 00 

###########################################################

***********************TCP Packet*************************

                        Packet Data                           

   |Packet Total Length    : 66 Bytes

                        IP Header                           
   |-Source IP             : 127.0.0.1
   |-Destination IP        : 127.0.0.1


                        TCP Header                           

   |-Source Port           : 32512
   |-Destination Port      : 1
   |-Cache Flag            : 0
   |-Steps Flag            : 0
   |-Type Flag             : 0
   |-Status Code           : 520
   |-Cache Control         : 32784
   |-Timestamp             : 4264034304

                        DATA                           

0000: 00 00 00 00 00 00 00 00 00 00 00 00 00 00 00 00 
0010: 00 00 00 00 00 00 00 00 88 44 BE 90 FB 55 00 00 
0020: 00 00 00 00 00 00 00 00 00 00 00 00 00 00 00 00 
0030: 18 47 BE 90 FB 55 00 00 00 00 00 00 00 00 00 00 
0040: 00 00 

###########################################################

***********************TCP Packet*************************

                        Packet Data                           

   |Packet Total Length    : 753 Bytes

                        IP Header                           
   |-Source IP             : 127.0.0.1
   |-Destination IP        : 127.0.0.1


                        TCP Header                           

   |-Source Port           : 32512
   |-Destination Port      : 1
   |-Cache Flag            : 0
   |-Steps Flag            : 0
   |-Type Flag             : 0
   |-Status Code           : 520
   |-Cache Control         : 32792
   |-Timestamp             : 14155776

                        DATA                           

0000: 00 00 00 00 00 00 00 00 00 00 00 00 00 00 00 00 
0010: 00 00 00 00 00 00 00 00 00 00 00 00 00 00 00 00 
0020: 00 00 00 00 00 00 00 00 00 00 00 00 00 00 00 00 
0030: 00 00 00 00 00 00 00 00 00 00 00 00 00 00 00 00 
0040: 00 00 00 00 00 00 00 00 00 00 00 00 00 00 00 00 
0050: 00 00 00 00 00 00 00 00 00 00 00 00 00 00 00 00 
0060: 00 00 00 00 00 00 00 00 30 00 00 00 00 00 00 00 
0070: 00 00 00 00 00 00 00 00 00 00 00 00 00 00 00 00 
0080: 14 00 00 00 00 00 00 00 00 00 00 00 00 00 00 00 
0090: 00 00 00 00 00 00 00 00 80 49 BE 90 FB 55 00 00 
00A0: 15 00 00 00 00 00 00 00 00 00 00 00 00 00 00 00 
00B0: 00 00 00 00 00 00 00 00 DD 86 00 00 00 00 00 00 
00C0: 02 00 00 00 00 00 00 00 00 00 00 00 00 00 00 00 
00D0: 31 00 00 00 01 00 00 00 00 00 00 00 00 00 00 00 
00E0: 00 00 00 00 00 00 00 00 F8 41 BE 90 FB 55 00 00 
00F0: 00 00 00 00 00 00 00 00 00 00 00 00 00 00 00 00 
0100: 00 00 00 00 00 00 00 00 00 00 00 00 00 00 00 00 
0110: A8 55 BE 90 FB 55 00 00 00 00 00 00 00 00 00 00 
0120: 00 00 00 00 00 00 00 00 60 48 BE 90 FB 55 00 00 
0130: 00 00 00 00 00 00 00 00 00 00 00 00 00 00 00 00 
0140: 00 00 00 00 00 00 00 00 00 00 00 00 00 00 00 00 
0150: 00 00 00 00 00 00 00 00 00 00 00 00 00 00 00 00 
0160: 00 00 00 00 00 00 00 00 00 00 00 00 00 00 00 00 
0170: 00 00 00 00 00 00 00 00 00 00 00 00 00 00 00 00 
0180: 00 00 00 00 00 00 00 00 00 00 00 00 00 00 00 00 
0190: 00 00 00 00 00 00 00 00 00 00 00 00 00 00 00 00 
01A0: 00 00 00 00 00 00 00 00 00 00 00 00 00 00 00 00 
01B0: 28 00 00 00 00 00 00 00 00 00 00 00 00 00 00 00 
01C0: 00 00 00 00 00 00 00 00 0C 00 00 00 00 00 00 00 
01D0: 00 00 00 00 00 00 00 00 00 00 00 00 00 00 00 00 
01E0: F0 4A BE 90 FB 55 00 00 15 00 00 00 00 00 00 00 
01F0: 00 00 00 00 00 00 00 00 00 00 00 00 00 00 00 00 
0200: 0F 27 00 00 00 00 00 00 02 00 00 00 00 00 00 00 
0210: 00 00 00 00 00 00 00 00 45 00 00 00 00 00 00 00 
0220: 00 00 00 00 00 00 00 00 00 00 00 00 00 00 00 00 
0230: 58 72 BE 90 FB 55 00 00 00 00 00 00 00 00 00 00 
0240: 00 00 00 00 00 00 00 00 00 00 00 00 00 00 00 00 
0250: 00 00 00 00 00 00 00 00 60 54 BE 90 FB 55 00 00 
0260: 00 00 00 00 00 00 00 00 00 00 00 00 00 00 00 00 
0270: 60 4C BE 90 FB 55 00 00 00 00 00 00 00 00 00 00 
0280: 00 00 00 00 00 00 00 00 00 00 00 00 00 00 00 00 
0290: 00 00 00 00 00 00 00 00 00 00 00 00 00 00 00 00 
02A0: 00 00 00 00 00 00 00 00 00 00 00 00 00 00 00 00 
02B0: 00 00 00 00 00 00 00 00 00 00 00 00 00 00 00 00 
02C0: 00 00 00 00 00 00 00 00 00 00 00 00 00 00 00 00 
02D0: 00 00 00 00 00 00 00 00 00 00 00 00 00 00 00 00 
02E0: 00 00 00 00 00 00 00 00 00 00 00 00 00 00 00 00 
02F0: 00 

###########################################################

***********************TCP Packet*************************

                        Packet Data                           

   |Packet Total Length    : 66 Bytes

                        IP Header                           
   |-Source IP             : 127.0.0.1
   |-Destination IP        : 127.0.0.1


                        TCP Header                           

   |-Source Port           : 32512
   |-Destination Port      : 1
   |-Cache Flag            : 0
   |-Steps Flag            : 0
   |-Type Flag             : 0
   |-Status Code           : 520
   |-Cache Control         : 32784
   |-Timestamp             : 4264034304

                        DATA                           

0000: 00 00 00 00 00 00 00 00 00 00 00 00 00 00 00 00 
0010: 0E 00 00 00 00 00 00 00 00 00 00 00 00 00 00 00 
0020: B1 00 00 00 00 00 00 00 00 00 00 00 00 00 00 00 
0030: 00 00 00 00 00 00 00 00 0E 00 00 00 00 00 00 00 
0040: C8 4A 

###########################################################

***********************TCP Packet*************************

                        Packet Data                           

   |Packet Total Length    : 630 Bytes

                        IP Header                           
   |-Source IP             : 127.0.0.1
   |-Destination IP        : 127.0.0.1


                        TCP Header                           

   |-Source Port           : 32512
   |-Destination Port      : 1
   |-Cache Flag            : 0
   |-Steps Flag            : 0
   |-Type Flag             : 0
   |-Status Code           : 520
   |-Cache Control         : 32792
   |-Timestamp             : 6094848

                        DATA                           

0000: 38 4C BE 90 FB 55 00 00 45 00 00 00 00 00 00 00 
0010: 00 00 00 00 00 00 00 00 00 00 00 00 00 00 00 00 
0020: FF 1F 00 00 00 00 00 00 02 00 00 00 00 00 00 00 
0030: 00 00 00 00 00 00 00 00 43 00 00 00 00 00 00 00 
0040: 00 00 00 00 00 00 00 00 00 00 00 00 00 00 00 00 
0050: 60 54 BE 90 FB 55 00 00 00 00 00 00 00 00 00 00 
0060: 00 00 00 00 00 00 00 00 00 00 00 00 00 00 00 00 
0070: 00 00 00 00 00 00 00 00 A8 49 BE 90 FB 55 00 00 
0080: 00 00 00 00 00 00 00 00 00 00 00 00 00 00 00 00 
0090: 60 4C BE 90 FB 55 00 00 00 00 00 00 00 00 00 00 
00A0: 00 00 00 00 00 00 00 00 00 00 00 00 00 00 00 00 
00B0: 00 00 00 00 00 00 00 00 00 00 00 00 00 00 00 00 
00C0: 00 00 00 00 00 00 00 00 00 00 00 00 00 00 00 00 
00D0: 00 00 00 00 00 00 00 00 00 00 00 00 00 00 00 00 
00E0: 00 00 00 00 00 00 00 00 00 00 00 00 00 00 00 00 
00F0: 00 00 00 00 00 00 00 00 00 00 00 00 00 00 00 00 
0100: 00 00 00 00 00 00 00 00 00 00 00 00 00 00 00 00 
0110: 00 00 00 00 00 00 00 00 28 00 00 00 00 00 00 00 
0120: 00 00 00 00 00 00 00 00 00 00 00 00 00 00 00 00 
0130: 14 00 00 00 00 00 00 00 00 00 00 00 00 00 00 00 
0140: 00 00 00 00 00 00 00 00 80 4D BE 90 FB 55 00 00 
0150: 15 00 00 00 00 00 00 00 00 00 00 00 00 00 00 00 
0160: 00 00 00 00 00 00 00 00 84 00 00 00 00 00 00 00 
0170: 02 00 00 00 00 00 00 00 00 00 00 00 00 00 00 00 
0180: 41 00 00 00 01 00 00 00 00 00 00 00 00 00 00 00 
0190: 00 00 00 00 00 00 00 00 18 4B BE 90 FB 55 00 00 
01A0: 00 00 00 00 00 00 00 00 00 00 00 00 00 00 00 00 
01B0: 00 00 00 00 00 00 00 00 00 00 00 00 00 00 00 00 
01C0: 60 54 BE 90 FB 55 00 00 00 00 00 00 00 00 00 00 
01D0: 00 00 00 00 00 00 00 00 60 4C BE 90 FB 55 00 00 
01E0: 00 00 00 00 00 00 00 00 00 00 00 00 00 00 00 00 
01F0: 00 00 00 00 00 00 00 00 00 00 00 00 00 00 00 00 
0200: 00 00 00 00 00 00 00 00 00 00 00 00 00 00 00 00 
0210: 00 00 00 00 00 00 00 00 00 00 00 00 00 00 00 00 
0220: 00 00 00 00 00 00 00 00 00 00 00 00 00 00 00 00 
0230: 00 00 00 00 00 00 00 00 00 00 00 00 00 00 00 00 
0240: 00 00 00 00 00 00 00 00 00 00 00 00 00 00 00 00 
0250: 00 00 00 00 00 00 00 00 00 00 00 00 00 00 00 00 
0260: 30 00 00 00 00 00 00 00 00 00 00 00 00 00 00 00 
0270: 00 00 00 00 00 00 

###########################################################

***********************TCP Packet*************************

                        Packet Data                           

   |Packet Total Length    : 66 Bytes

                        IP Header                           
   |-Source IP             : 127.0.0.1
   |-Destination IP        : 127.0.0.1


                        TCP Header                           

   |-Source Port           : 32512
   |-Destination Port      : 1
   |-Cache Flag            : 0
   |-Steps Flag            : 0
   |-Type Flag             : 0
   |-Status Code           : 520
   |-Cache Control         : 32784
   |-Timestamp             : 4264034304

                        DATA                           

0000: 00 00 00 00 00 00 00 00 00 00 00 00 00 00 00 00 
0010: F0 4E BE 90 FB 55 00 00 15 00 00 00 00 00 00 00 
0020: 00 00 00 00 00 00 00 00 00 00 00 00 00 00 00 00 
0030: 0F 27 00 00 00 00 00 00 02 00 00 00 00 00 00 00 
0040: 00 00 

###########################################################

***********************TCP Packet*************************

                        Packet Data                           

   |Packet Total Length    : 66 Bytes

                        IP Header                           
   |-Source IP             : 127.0.0.1
   |-Destination IP        : 127.0.0.1


                        TCP Header                           

   |-Source Port           : 32512
   |-Destination Port      : 1
   |-Cache Flag            : 0
   |-Steps Flag            : 0
   |-Type Flag             : 0
   |-Status Code           : 520
   |-Cache Control         : 32785
   |-Timestamp             : 4264034304

                        DATA                           

0000: 00 00 00 00 00 00 00 00 00 00 00 00 00 00 00 00 
0010: 58 72 BE 90 FB 55 00 00 00 00 00 00 00 00 00 00 
0020: 00 00 00 00 00 00 00 00 00 00 00 00 00 00 00 00 
0030: 00 00 00 00 00 00 00 00 68 91 BE 90 FB 55 00 00 
0040: 00 00 

###########################################################

***********************TCP Packet*************************

                        Packet Data                           

   |Packet Total Length    : 66 Bytes

                        IP Header                           
   |-Source IP             : 127.0.0.1
   |-Destination IP        : 127.0.0.1


                        TCP Header                           

   |-Source Port           : 32512
   |-Destination Port      : 1
   |-Cache Flag            : 0
   |-Steps Flag            : 0
   |-Type Flag             : 0
   |-Status Code           : 520
   |-Cache Control         : 32785
   |-Timestamp             : 4264034304

                        DATA                           

0000: A0 14 BE 90 FB 55 00 00 00 00 00 00 00 00 00 00 
0010: 00 00 00 00 00 00 00 00 00 00 00 00 00 00 00 00 
0020: 00 00 00 00 00 00 00 00 00 00 00 00 00 00 00 00 
0030: 00 00 00 00 00 00 00 00 00 00 00 00 00 00 00 00 
0040: 00 00 

###########################################################

***********************TCP Packet*************************

                        Packet Data                           

   |Packet Total Length    : 66 Bytes

                        IP Header                           
   |-Source IP             : 127.0.0.1
   |-Destination IP        : 127.0.0.1


                        TCP Header                           

   |-Source Port           : 32512
   |-Destination Port      : 1
   |-Cache Flag            : 0
   |-Steps Flag            : 0
   |-Type Flag             : 0
   |-Status Code           : 520
   |-Cache Control         : 32784
   |-Timestamp             : 4264034304

                        DATA                           

0000: 00 00 00 00 00 00 00 00 00 00 00 00 00 00 00 00 
0010: 00 00 00 00 00 00 00 00 00 00 00 00 00 00 00 00 
0020: 00 00 00 00 00 00 00 00 00 00 00 00 00 00 00 00 
0030: 00 00 00 00 00 00 00 00 48 00 00 00 00 00 00 00 
0040: 00 00 

###########################################################